$ANSIBLE_VAULT;1.1;AES256
63383135623364356363643937396563643633383438623762313761313866643935613434633731
3832643039633839663563373132363838353130336530310a323663326334653636326661636661
61383438386535366466363130316530303733386136643965346531373366373862323865643139
6539333331663438380a643962663834656432303630643730626263346135366137316131343533
38663862323163313563613439366434653736343433316136326333323838356430333935393835
31396661386434313836323639313934303138636237636139633033383739633464333561303839
31303362653431623765383633346239386530316666636166363664373635303334396166646232
62663436336638313730373864636166623536346534333230323839396133336161323862346262
30333938323738323137306531316533306631643433356538333231623933643332383366336235
61616266366639353136326539646439643832323136383232343631643230386464346638343565
66383462646431313233653863623763303566373061303664363839653830346165613264373832
37643739656266356162663562356239363034306439646662333739396633383862646566386238
34643033626666363930343565383664643439306130386562303538343631643665343332646532
65313637333932316534373037653264333834616261663837383866646464623836613735396562
30613239636433323636313661353463333861626364386335363534636164646261636139623931
32653561643636653863356339313063333364333739643161306539653239326165393366633032
39356166633265366334646665363632373562643634626164303465306661393666393663653061
35663836313163393934643131303935653166663132643261326538663630326161393234303138
39303162373537636539626632613430313961336138356237616235626164303136623166336563
39616466633961383863663463613935653138313463663134643730643265643431373030373933
62613832353234346630343739336166366432323836346430386262626439303533363735383761
62353937613335333833653265336630376433356331303666613237313661333965663531386333
33326131356534306564343262303364613764656466353634343963363762383538356266383436
36383937303233336231366536333064663533653064666430626237663864383531333336376439
63646636353331333230623961663439353763373930316337653664323130663362373961363261
34323730303361356164366561653763373561356130393137353433386361663536303864396532
63313535663165343939386632363936343637633334343637396537306134643430636363633935
61376563633966383934363933373837303332623066393134373666313034653235313561316665
34653832646537633730333766636139636263396530383337333235306262366266316634646363
38386537613837613330333962323930626432323633653634316131336633633637646430353433
66636161653135643833633036646166373866666638666564396461383739646331313538363237
39663065636536633661373630376463343934653861623531313963333030323664323839313664
37626132663534363764343637656466316432666662643766343530663732303635373132323339
36666166323639646131383537373134343538323632613937346331356235363464343834323031
33313166316538313533386331323339663530306463383632346361393937393537666238383435
66366434303330333961373139393939663166623431653232383833333234343265303138366562
61383164313133313164633065393361633235373361643463666466653034373236333938323830
37373034333936396664346130393138366336383436643166626437636333303736363231386136
61616431386536336431663338653233666433636231396231393962366361646366316637626531
62616434356164333138626430626265373136353539326565386630343337343538653939316138
30373633396465646534326265396662366364653465643039313538336334656564646335646566
32326132613635383062346333336635643536613066323437313730633332663664346130636231
32653862626532326166636338636434326330613433366165383461633463333762316237306233
34626632373533313263346361323562396439363365643739343938366263623661396231393233
37646563323236303661353861643861393731393730643765633932613362333038666465323633
34643633333765616665306636646338346166633030623665643663306130366662306461333130
33323639336564326333396464306630646161373166363263373663353863346438343462343763
61383734636661306663303833666238333133633862626334666235396661313339643063316436
66633839623838303731373631356434373135373535336530343537666663613834323130363234
33346465343433623865653034323832383932333935656537653664663933653564366164653031
37343131626661386630663935633263323130343638636338653330303434326266383566323262
34656634386230376162633261316634386633396234666137353664393535353336633136653766
38383234633662656337616135383632323131393938636663356637316531353835346665353532
38663766396234326139343461343534643731376138383263663436393637623861336332353961
33613231636633326364323164613138323436663736316231666436613330353364326164643939
34633265336538616363656561636238666535333139326161343361346432353066646234656333
33663865663030313235633363633533353632363638313233303663373336303566343032393933
66316464353636376165653933323865363537313061376533373639623639643636613838326237
31633064316232346161343336653062363366323262633637616630393432346364383530373435
32386333306332366438386463653332376364386532386164343765333533363164643164333465
34366438666565626261363638613632303833316538346263656638316565393231353735336632
62653237316633386331616364663737363965356663643238633261613063613239343632656565
33373565323935393535633831613937353237393837333962386132326365393633353464366162
31323761643634326161343862373337663532336161306536316431626465396462313536373962
31636164366665656462353164316133333830623962333363383033363830393166376231353037
33383361656336653832386363373231666633303835623930373262303735636366313261313835
63326162376139396135613734306234336161316535396362346161656365633830613666623636
34313161356433646466383365313065326530323063343434626165326230343630373335613132
30653437303436626262353833663162333263306334646263646333613466353935333536326636
33646632376562613035333866363239393331353734613364353039306461623637653163366538
61353635326338666564393537373334303738623761333864303761303033306231353364316166
65346131623164336365646465306263363261663931323366303766303932306131366237373661
36303063326630376430386133303363376433333137626361323935353861623366343930343762
35366333363136626436396132363737666666326263363235366661356539343761376566643534
35396438326536313837646436366130373530393533306266353631366339353034323539666636
33643364363665383037353036323564366466666536323039613138363861613932666332313064
37376132356666623336623534613663303637316462323139303336343264656132383936353264
30623136386562626539323634613732393163613964333866643361393238366534626566313430
36373238623536306136303365636435383537633033623231333063356436633736613931383439
37306633303530636236303434633938343130396565313962633132363763356232313230316330
36643137366532393636626338643332343663623764663038326438613934336262313464363838
36383336633666306565663532646330363663343934626263656438383163326539343831376630
66393265333036653639653537383962666262633730626136306264656638656661396532643062
32643561393433623530613038313161393835616533303038393533613234396366316463666130
34626561383161313631303866623862336433333361326532373532306431326531306539613536
30663962393934613861383139306235333134313537336231396138343063326434653562653566
30313866393762386137613730653438363537326134616663343066306430663663313038386439
66376238666137356431633266643437363662613066613434343134343762333239343535663866
34653536326464343938313438326234653235323632653336656537646337613435663733326132
31636138646336373365616235393134353631653266386465393933393865363664373633656130
64383764363835313039353130633731343261326430623063616131333430343138666138313235
64636230326466663362656636333137633264323030336533653134383233323066376463373739
32323039666338623032376439373639613030613262346537383135393038623236653434613234
62393239623261646538653937666133313532313637383936613933306263653461633133343963
38313266366237393131643637323536303030346531303736363137333261343239623630336536
38343066373735393363306431636132643465363432393566373130353566336138336135313662
32613234646232646331316631663437313930323030316132646266356364313736636431313163
35613332306661393763313637366439333533656637376362396262326535653962353933366132
32623466323431396163343433383133653865333238316636333665613636646537613338383537
33346562653437303533306533663534353464383961653132333438663465313035356161373561
65666131663062383835346331353762393535623135336631323832663831316337646462336532
65633465303365396363353333366266646437343963326631636363616661343164373061646531
61383433316636356566633534383936616430626330396464326261323263643533316561626332
62613135336337353533396238326237643166396430643836316263616462316532346161613736
31613539303733626231616462383534646232386230666661346366636466663866326131613038
30646362613134393163663136663232353038643334653234666534343432343063663962353634
30323663643165623935346638626231393864373930613864383265653666353064363461623631
63626134303733313130356333366638653131383737306437373965356232346632303837663832
39626636343766623066313764316537333964383033313466333166663637613938636434346665
31326337323432646564393434393563303339343062323635303533396237653339336431666361
30356333613938663261626538323637633064623564663963306537666239613330396264306666
63303336333662376230616431323938333466376666353836323266383136313537646631313034
65343531626630333537373861366233353032643931636532666238313836373762616634396231
31366237643035653538306662633865613162366565653034636531383131643731383861313335
35326530643831333039646331396664323133313736653932353335663634376130666532376232
38313664326336333365383466346166623839333630346663346532316636623261373466356462
62396238333436623237663938643562313538343135626337336661306332393134643539643062
64376561356431336531653561343236336235653763613436303630303932393563653063333062
39643666643735346335643436363866643766633537373532316135376462363465383530303963
37323261303866656630386233333836393832343933326133633165656565356131343338353565
38313133333661333838623139666364333461333133343833383862613231333036313064306236
66363531663233393539356262353936643265376437633665336238323661373863333732386666
64613562656234656236303638633464616364346363326664346631616333363563346530353634
64346534343338656431356235633233636361303038636230393235363139363265623632303638
61363833333336663533653631356137646439633431333265323161633066326137353233396439
35373163333964346366376366303863633730393438333339323635393936663030656162316164
65376235376461636539303231346337323464343130636339373739356366646534636366346163
33353162653036613364613864356662663837613064333464386436333763653836616661656231
35623536303731313866346234323964353635373635646266623238656666306164613238303139
66623962663835656665303566353662653066323863386564633661663334333131353163376233
30353134396630396531313264643332393335613464333933353966626634396363646264353566
64653139626466313230356130353062353335653463653561373165653034323733393838386631
37623937306331613031613833386662396430336166613936643266663263336362616630663433
35356162373563346266343765373238636235333862643134313163303964333230613261386339
30383166616233633031396561366335653937656331336633303837323434396632306234313139
66336235343734656633653965666262343330306265333635633431336439386432653361326463
63656136363964396163623734343966393565356533643163613635393164363832636336653265
35363264306631343438383061313134626263623165373835346639643535376330333138623833
30663164636163316363323761333938326332313832623434613838313639326263643865306439
64653364333836333061636637613961356130373165316131396434373532303333336236626637
61396338303836656231376562613439353532343866326630376134326165366138656665663562
63353062643361633263623062343333333634313337363735356138386334343935636364323131
62636538383739623232653636643165316336373637386234663232393732393062326563643234
30376432656235393030613665313133633332303032643537336134633738313931663565633230
31336432613762386462326432363736656164333761386538373831646335343935313637363732
66326239653232643438356666366565323336633930363764653937343234396630656331623732
63303861663264653063326137613364336461323063646235383566616561336533356164636264
39313730626261646364393830333732396538306630386133303531323838376132366564343763
66373166613263616139313436306435393161613466613734393933646634323763633030633133
34623962323066303831363931336430373336623233396339396436326438653436656564373062
39333230323964653861373039353838306634646265393230383934643465353566383031643537
31356663356536666366386164343765656563323566393930633161666338393635393033636434
66373136623833306637336435613236316331303735316438633964333539643338313432376338
32373031353039343539396435323337386231323933616236643766316539623863353933646139
65313838613533313332643364333533643162663963326261343666633361313031373663626439
64356232396264636236343230616264383631336230303938386266363634306135356334626162
35373636666634326637323230343939326231316162663165373666616163656132393666323762
65653866313466393230333761336163613866396133303130653239623533653165343031333931
35353862376465376631343862396666333264396231343233643535346164303463303161313463
64393161616663343836343735323265633833373966343861396133316131306364316337656335
66383162356138653061373832356665326332386639643863626265383964323335636637663765
30383438363935383331643162326333363738623134623130626465383761393161376561316138
61346639346130303861643561666631633031653034663063643633653761376363306638306539
33653037613166346132646432303336616532303063343038373432613163663238333331343639
64656562333364326632386238616461346665343461663030346662366432653561306465343836
33396661623863383030376663333161653032643963333438363864333239393731313737306230
61653831333334343231373935323639636662383661316230336362303235313564636137633537
32306134613365646265366464353964383131333665346237636233643462306136383931333333
38663938633238333065393766316562313766646631393265343234643663623230366235376162
64356466623337306430373365653033356462613133623536306631353936396134653966326566
34613264613933666135346366313339613833623563303333363865623031363134663966626363
36613834373237656532663661633331386564396138633131363865346232373231346461633731
61396262646533343062316135316335633261613332303432623931396337306335376634316333
30303131356466636530666564636636376666373064313038333161386439373464656635303230
64383436656239383237633565393836323934656334623862646335343461313738633733346331
30313138326430616166643634376535356532383637646233356466333532646239626466336533
38393233343138613630376237643135346365346664303439343065366565616633316131363939
35666439363065333939393532323434373237353136383830313333303362303462653366333437
62326561613865656361663132363837396461386166343037336162656237626462633964343663
30636233626363353237353334353765386461366233613161353564623764356430346533343938
64383864393938316561323061366363353761363337663763366538646166333031656332623734
64323562326130623133633231363735343430376161306139366563656163653162356234303066
32383635643635396139616363636462666338653838376532353133336639313237313738633664
32303333353934366239346462326433663864626130306162333132383866333330343633623765
61633431393237636539613533613834643038343339633837393638656366396162386339336433
65333432353163376233353766323934393238633565396261623237616333393034626234646532
65383530396636373430373365613539633137646439386464386635336333626662636439656661
35623638666335356366343166393839653632333266356133653330366363343266613261376430
31303162376366636564373863343038353333663661643332356665653239633466643138633738
38323564643430386361316564623465616639366366326135633737313035363731333530633932
65353738306161393838353938393730313034356231653766343264383366316636376235353463
31663033373434633363326534623764323162333066303364326464356464333462353433623963
39653062393461666639656564393639643032643537633965636237336633383132616239393038
37323833373365326439353538626231636562336339343764326137663533386534656133313833
39623437613835636561343330343230313436353736623863613865393434383666353533336565
34303633646662376339373838616133336663616131663237343438653661636332336165383435
35656362373662613265363931623431633335366532613663643164376366353632393763393661
39343131346135303136396131373338363263663566646538623334363032353136633436353963
66633166326630616365383264306439666666666639666531643631653433383339333863623239
66326234616538303537323737373766356334633038326465323830626237316237623533313066
31316632303663376666313361623461616138356638663632306339336266663835383266653661
65343864343038663035613838626439393335393966353765386166623663336163613836396438
66353436323730393432323864303831376639313532333461343666346239636138623035346662
34323938316639373064303266326664633134643537353930663534306230663063353062356338
61396433396335356339626235316161383835663137383839316337376531376236613635313265
36646564396636313666623836646361343862306462626534363630376132626233613232373761
33613138386138643362633037666531306364363930373637343030366664396464633135633336
66346634616138613861326336333939313537366562626231653036666330363962353263623561
37343463613431323639383761623365306162363937353566326663333637393131663435356537
65393938386338306130306132613664656463626662666332376332636263626336616362336465
64323334353631646236386562326161363237633961366533383730306261663632313261353461
33383031313766663963363931613563636134353231313034376263633263363634646264353432
38363364653232656536366266663631333832646165386235326335376235336163306239633630
31646339366231353162343136373038626462386261633334303834353539393731656163386334
32653064313235386533396438306330313961636235626238616363646436663963643066353331
35626362666162333331633239643566313535656239616562376633323530363930396336363938
39343138396562343735376264613662616538306366613362373035636661376165
