$ANSIBLE_VAULT;1.1;AES256
34383538336431656433636137306265636135313164386334656361373330633465313763383461
6637363364633834333564353130396330333838653562610a363765313738633761383533383030
65643835653935613435663437626635393538383464303865653030613533326330303662326263
6134326261633061360a366335323633653365646631623032616361376534333664643665333035
66646562623931393731653731663162393462383462626539366632343365346136356539643734
39393639663039383839333739313030376534353933613361303937356632393534326564383238
35643364653164356338633635323762323261656464306262376130373736616638306161313434
31336131373565303433333536666434356361623431323161313238393235346131666435626137
38303431353732386438303565313663626633373730376430323233383331623230656435353332
32353235373736303965353931326665653830313061663763393164653965363361303161346439
34383366323831656137653334656336383439616338653833393261383038346462653034346261
30666332633333363965316631383166366363636363336563393033336134363666326262316436
63386635306366343239626266373633373564616433326430363333643038356539613638343066
36353633353465323334356437343235313936623964396437616464613438323366346663656634
38626561666638626264396133386530613537396332333761333863383633316365363039346432
66376236343966643533326234626235666263316161356430303531373663323438363133613232
36396237356435366637613233316665323431363963663338373331643332636232333434343164
31666130316165313434623034343434333136313833313236376466316237343733643162373334
62356130616634356162346438663134333230313637333136356336616532663733623531623933
39616539646161653839346635363735313861396265336431306134386262643636623562376461
65306639313236333633323737303063633564303337396137323337623430323433656338623339
39383930343262303761613563313363373261333330396435356564333061666434636563663536
65626535336638383864363764653263613761303030333235323966383466353239313039643965
64613536636634663465373335636436393861363235363634366562396535373232633539333235
61383166346633326566363432366566326537633339306661343734656431363664663433326237
38396338356535383862636130383732313166353135383037383731663737663238396534306562
63386363653866346262353837656439656164316366633465396337386262636539376263623333
33636163333561653533656239356562313835393233373733336165363732356564336433313831
31313532316530303935616537343938666434623666303330663633373331626530333965376631
34656163656136353733396139386330333936653032306266346535306631373131623566303435
31363062343735336239346334343334396366386339313931616462336234623938613132643137
66353462333936353162626164643734616133343963633136366365623465356338353364653664
65363061373564626131333938356434663436356561613765633538323863666334326565656263
61633132616466616331366532353139346533303732303061646366353731323034623461323561
34336563386531656437363030333339623862383234336366393962306164633066373131366161
38346332396535363264386338396336376166613338396335633565643936386566366461356231
32333731313937323835383264396335376563663232623165613830623766323336616134316638
30623233666431333436316238636662343735393534353435316565343566646562623465623334
62313831633632643739356631663535313163393736353138613265326239646438393563343031
30636431666337643230343235386539626232653134656266326464373462383536363138666361
66666433313464303963363265393730666238323264333330623039613631373065626337623066
66336438666261313365633163376138656663663962393164323336333266356266333934383363
32383435663236303232646337343062343835646532626531383237336463393639396237323339
65333663623836373733376136623939316231636233326665623031353864393334613162373364
65386537326134646363396265393635333133326233653134626166366566616435633537313365
30646665326165666261363364333966323663316336353161636262376537393931383064633339
36376439666639646439646134313165316665383536316434653365626638646436613730356238
39353833373564316636643438633465373234316530303163323163633462323436393238316132
61303733633038633935336230353535333662316663376538643138376637396465396162616135
36613632383732656633646437303539666162613237663437633064303363356537326162653661
63353531643763666637656263346161373062393830663731663739643731313630373165633562
39386230356537643136363131633535346665336134373261643465366338363537313638663638
61396333313864336131366666626231636565373863326430626364336636663238343637643933
32643233393862623739353134643436656137396537363530643633353133616533613132313664
35396331393838623834336234306364303733616535666566373364396233353561633833333764
65393266353761363430386432373966636536346463346539346439643337316530353863633738
33626464663064666366353736636662386638323437666135666237613734363731643437396133
31643430666637396261616136666564653334346634616235633064343864323733643066373065
30613338346239313131303163646264376438316230333238636136346132383765663537353830
62363734633361333165326361663664396532386232356563323762633362363930323936306566
65356462306133316638366439353830633131313831656130376666333032376630643162333666
31643134623162633737623161363664626562646636363862343333643834643131656339633664
39373835666530636136396637316431326633323433393736646261343431613232393464343633
33633030613237363437653365303963383438643564363164303237653664396337326265303266
37363238363962646235613634643765633139376634373266373934393631353631316232346461
38653465393432363734316439376132663263363332363130373739383934393963356138393633
39343064373932383036373365363964383166366331353163626462623930363933346132633939
36353033356563626134313235663262646430653332356661353839333533363132323563306537
35323064363731323132656262663634396234346430396461356138663537623631633232356263
37313334656435333762356333666632383938623439353738666536393431303638333266376330
32393534383435306239613936373930346235333039333137646531363638646637656336343062
39636630663365326132386431373235306136636236396636336236383932376661646136636232
35393636343033383132613466343138666334333936333530613461613862386562306564336630
64373461326131636630643334633736353932363266333138663338306263313166653131313738
66323863323634363766313861393963353231333835663764643365663565353138313134313235
35343734373236363034343464313230653333376331633836646431333235366266366436653032
34386365646666343332623434333736396330366633636232613563653633366537323263323431
61373335396566376138323539386665666331343837393862323937633265613933643130613636
31383834376662346530393137646564333966393035326261303165343239353962616366653236
30323035663364653337353631333633663231356238383131393866323933323965666139373564
63613032633563396364326235303061386235393766326639646130626135653134366466313766
32656333373330333165373238313031346431613763636237373135653038353530623634396434
34333061373061366461323865353763653337313238376634656430376466326561666665333661
38636561356164376337356234336566303061346231623539616564336631623866616136313361
35393464613139313766343664353931323134306661666534323833306165376433356537303437
61663261343933636263323434313033306365623633373139393737336161393937623864663134
61353465656364353533643337323935303231373636643339346639616264313863303138353338
33306238366261383035366664613965613965633236643063326337356331306139633439373034
30373234323930356230623035363334346234653039343937336239316630313930313761643463
39393533636563636431303462316534356363383637613631623839396635313662383038613664
65323462653962633632333636663366346366303664613830653634623235323438346530343934
35616331623265646430303234323761663334373264303632396134633432323861656237363536
30376135393230626335323531626537303065636166613731366338643230313439386633613138
30653335386134323239383032663766356261346463316634383530306361333137306532633034
66313465363064343439616333306565353363333338343631396335303764623930666238333164
32313534373339383634366537656364346263333165373639316635613535333331316232396663
31643163646135653436386166313132616131356631613261623031316466643132333965366536
37643430663464373231316661383233363135623136616430313534343961643734303465636165
30336337623565313632336136626363623965353632643161613565313065376633373838373066
64376664616465313561636436376230373164363464663462323263643063343464623736306463
34376337666162306362363238303661306265373133653634633264336338303536326232323464
66363730366562616333643531393564393264356531363938643731646539326363393762636337
39323365613837383134356639633161613037303962303562366662623563343631323161646134
32356134343235636639353664646532643737376166333462663038373939303361643262326463
36363365303564313335343138626261346230656664383537623166366133393163343865323062
31663961366438383562663339653463343434663038303933633434633836646365313965616537
65633731326536636230643461616333326164613661376235373366376564393862313562373361
64363338386462373037613633666237663137323431323963666331616434363864653533336636
62616233643762646163396238336332313033383662303037656536386136326233363236323561
32653963633466373862326662366231653766663236616233333837316434643338653664336235
65373235653036623562376535303961333866376137633861316432353365386539303737333432
34643066663931323436366664663032643863373036633063656362666235643664626133346231
63336666373363326164393263656361636438313535373736376132346631316135376461643461
65303336653131333434653036613838323335353831306363306433343336386330343963336461
39656363333465666434626132383138656461326362626434356634303830313338303935353164
65646437303436326439313133353531326137623835326534666662353537393531346561333933
31656339306262386638646639373938313637656638333434313035653832353839626564653938
63383762303833366338313434616130313138646333633364653935373861613434303639613563
61663938356265613237336363613136373531633237326230626664306536343238616637646139
63653338366533663831623139343331346437633237376330323237376632643638643164623863
34373336383361336237666163643362316135393738306330373762303761316462626638303036
31643334393537633432306361346335396364343538346139303664656235396565383236313038
31396436363736323938353732643935326265613666323637626461653462663661376365373838
32333466393761643339323662633862636363313666386337383436326639373666623231616533
37633033316330316637356634383031353237613336666163383965376639393735393766383966
39623036616564343730633536353066613764306264393063323361356136306635346662323530
62356634396262313937313134313164396166373331623432376539663231313837366637323130
37313662623532303934646339393431613239636232663632343266633839356235303136323535
63646666623566343333393136616265373133663734386331376330653365386361376161333364
39396238353430643866393662373637353534396638343563393061326334636166653064646361
353335656364633139326539313865363333
