$ANSIBLE_VAULT;1.1;AES256
66666261363132313231613561366635666661333166306431613965363236663735376166316131
6534343737306665306164633264363964313236653263360a646365343662616331646662386230
66376437623832343863353361306433376266636536623865616266353365326364306162356362
6230326233613532660a356339623439646461656633373834356664316239646438653530336335
64333966616465336662386638623831326663623833386135336636356630316230666435633738
36393165636637356132383965356465363032666161663665663030343439343165336136313332
37623432313266386165396134396361313831336135626135663263393233363363363361333966
66663165623539366538666437393833303138613763393932323330653831653662646639336437
63663235656133623238373437373436376532356332396437666263373165356663643039326438
39643138653166356132336465393533653633616635663631333833333662306231626631636435
66643165663766363333363737316137373835313164343138306635653562636237323838303161
39613839356131643735376664613733643464643966393738666235643034393065303632353437
61376130383436653461333834653836363137316635353537343231353063633664663934323039
30316439353635323564326264653538313663613836326266343766373664323430643230646336
32353738616638336330646633303933386539343135343731316335366562386237303630363237
64333139323165336338336239303139313837326165653132643964663233303337626138333936
30623030613633666363663130633762363864316433643364383862316161646564356335326466
39383862363634336639383262356564393334383362623839356664353333326163333363343262
65313139326164373564646662666463313030636661333538343866636436613137346633656231
34363433623061333939323564616536356464636135633837656533613166333333336366366436
30663239373133373063656238393763616234326466616437336531626631303032313335616235
30323063373736653639373337373436616165353464333437646130653332313463653263336665
34663532646136366166366364323061393464373061643637623362306431356130656166663432
37626536313234306362613166383638323538353632366336303663626234346639303765306462
31316164663338353062666132386535373038333136373538623162373430383637633461373532
62313366376265643130363032653061303063343266346332383134376263613132623234633233
65326361636665616135656666373539663164613366323065343566626365626637633031393161
39656463383430653965656465633034373462343037303063323433333262613631633038653464
34633235383866653934306437663738313464626535666132653831366437653064366132393639
35353364393134366662383934353565373866363833383530663939393734333338626665616161
37396663613833636233653361666664663563343335316233393462353137346531666335653538
35333632646462353736633731353836356532333232323139316161373561333630346663323963
38356631373233313063303639396533653632393635393930646230316337656436623265393863
39653031323463643939366466623433323831653564343632633231353931613466303239353530
63313439663161633062653464653934343264646336386134643734353761633361636636363930
35333365316234303133386234343636643864613965393538653966353934316238396439313362
61313363323335343566663636646266613532353666373836393234623366366331316464666632
63346230323636313166303036646261336137343533363532383738613131646236626135326263
61373034366136326638313336376533386130343231363931396162383037346131326637313564
66366631383138643932363462363538386133396537363766356635313935653763356562353438
39313133316663346166633561663766343438633330613738613733376334623239366435366338
63663230313139663338663833386230363862353533626538666434366261313665613738663865
30383830306631366266363236363635363235336239343836343138623132346539333236653066
31666464346431646162626365633435653736363433636666303632646338633163313963303433
32386363656434323666373937343336343733303234383330303063653636663166353134363738
33336263303962306337323061333064346337336639346432363435396461333161633262633463
31376536333435386561313666373635663062346638643462663633316133323437626235393936
63613731633237626332363163323864656635306134386161653865623864313464386330333931
61316136313138343762393761323065313733326632646533373230386565303763333638373561
35333038353937623335353631613032383137643663306634666332376330653335353735346232
33313138653435666436373062363834326530363630353432313637346161333738623935353935
39356662353365373264313163373834613866373163356161663761386266353561376536356636
32386236363135643739626537643039343838313032336233326635663533653137333430383664
61656334663663383465333661336162313234316631666165316230353537333462613631613432
31663732313735643331393537616533616439363564393462383538636264393265353737643231
61666663303931643666363165326530396138636163353062383138353334323533336437346432
31346165396536323234373130303632636264316332393431353466326437353539613737343931
35663966643565636261613436393538376166326462666536366661333466616235643533373333
37363961373431663364363936333734613434373139653237353466353332663664633438336637
65333834623835306132643633633863303437386234653038643465383833383166373564613263
66623135353437313833373838623433393565376132383133396263666436356635306666346537
35626434383761653661346434663664373937323430643662653635653535616633323038633938
61353336376361666638373836643233616439323364663962623265353064373032653133396438
33623636376139396638303333626361326235323631343834313362633965663764333462613366
36353430663061346235363734366132306535353866313163663364383264383730353634636366
33663637656232633630653462303261616132663537653763343833643538663432666437386661
36656565623863306439343266363331343934623339666436656433333666326130626635626233
39383263346430356462333631623565346232383934663363656361646332313763383936336534
36316136656466376635333834666561393630393662666234623161663232326364666332613131
36313230656232383961343633356534616533363966386161346565383935366266316338326134
31306564363433636231336639393537366530353639666562383138613138363438363433633732
64393932353231313464353561356564376261623962396331663331373939393966316563313766
61653333613936333263653062656333343662656636623434613062373939666262343236366336
61376530373030326534323639663764353164633461373231383639373235373064306335333035
34393361393236383333373739333031316665326566366435623964363430626265653234646463
61393132376461393562313161383063323932633765396635646135666236643566323161383331
64376630353362633433653864656664353764303465323930393731313961383833356131633565
36323664633763646131396262633966386663383034386132383234353065623465646233643365
30643332313262613665306539653338306663623636343632373838363662383038386463393232
32363363373562653138346338376665393562633930343232656537326138313737396636383165
65303864316239333534373261636338383038346335386461666432636331343465306139326561
31646431643464316466303537393061363732363163613131336632646662363963363465336137
64626539626239396139633932643436366533613531363134653862333234313463613535623139
35643664363732376362383933326263363563336337353564646233616638393263646639646638
31306338623036386531303164653437333335616135396538636130326436383663306461303638
36323536623631666231613830643732633533323364393736626363363463393135303038306362
37613738643434366366653139656633383464366231656531383538646438333765663430633936
36386262376664636132313330313265306363303561333130663563646166633864393561313862
64346665366236643739623338623236623230336437623665363631656134303935326538393637
34326532356562663536396531636133663463373238343763663362653462656462613237633238
64323935386439326262313166306231373862366634336464376439623838653161353135396463
36623036343365373533336437653935633261306166343431653462646431323339633439373264
62373735376165616331356139643863323063646330346439346364356232393761613066383233
66313731356132633336373934303139303436323835613830386266303330613737393934663065
62373537333930333562346164623937313032613337303335383764333739393463333930353433
31636435316430623635353763353335353435333732666439313431383461633462323737633266
35333931656566616339323937386337643831373732303266666338313635626666393739626534
66383963376663663661393563613632366366383939663438333936613133383736663664663833
65333338376238623730653963373637356638393565316262626166386537616638386335383761
61373964336163623534376333643736623830363362623861363564303964363534623532326336
38613133363537646162353830373736366534383563613537653866323062383533626137626333
65626231316266653537663663313732343362656139626465306262653133353963663934313361
30373533336636646139323131623565396239626362396336383735643937636334633034653062
66396264636234633630663730353364323835306130313431623136616631663131376239643135
39613634663034356165623365363239353037656638336365316561393061643565353635633838
66393433653730613366313332633938633935363038363338373361666363663662343062653038
33376430653062353236396334303034666565663037326638393462356635663734356663346538
30383665373762376439393134636230323765633066323531623364303335313631363564313038
30623166383462376362333265303736646462393234656630323737356161383164386633316232
39353033636130363761356339363263386463373030326634313034613335343734373864376566
61353531353835313866313962353936373638376237343463323732313262633664643035346464
32336531636430636430653662373366393764613433323136376362616434653137636533383932
61633134626235353131363366613033353232636633313062656436306131623561646337303234
36313537303130326461616632386265363263623030333065303732356437393836326335653135
65343163363736653831396265356664376230353461636165346663323961383831393465613533
38393130313631376361346463316339323562313637326135653233663638396136393432613134
32653232376662306563306364383936323538343766333862313534313965346561626161356139
65393532613264613464373832393231613236636436663235616233383764383865323862336139
62396338356338663431623464313163613139643432666662623565613338653832346334646239
66653666666665346261663632393536326364393737366132653164323934333261643933353736
66613230336131383431613233333133636133316235623839626532393233616462333761333033
63396133326434336661656165383764616432383834663435616133653430306464326635356436
33373532353665653262393561613135613464363333613533623433663437306232346663323832
61373363626432653961323533333033613537326330633564353532306564353938326161663939
63663166343763636161653230373765623236373531646335653866313133656434363339383163
34346662663334356137373631613834313238393862396437613166343366326232386562353566
38313435396334653633346539626265343631363738313430373461373665376565343164373837
30633937396538636564376561346331323931336137633037656163306631306262376235393431
66396237373763623362323864313639623032363763646366326431666638356436393066386334
66313239376666333239623266366562643337643338393062396432373438353134663938363430
63353964376135616265326661613864643337356330613836313463393233653565656265616562
32643034393531383863353034376165656532623231616662313837643230626436356431376266
64613331663839616534333238346362333833303230343666613766373035646339353263633665
65366631383633363938353164303365323232316463653430666263626639303330616636623062
35653032353330333433373863653766353032313530393834356538326638353837313635636337
32303830623966633530396566636638643436396539343466393836313235323763396265316635
35366635363137326666653139343630363330653739653833663834666534376638306235326538
34353361646564646336373631633765356565353666376236323931386435633865623336613339
38383435653239393966326539663136626164613731333830613064653761616464393162353833
38643639313433656161636335326664386439393066353166643763353562363733316432616163
33336561316234616236376331663532663335323264666231646439303538613361313134353734
39373737343062373364363233646461666365626234303161336531373365313464386366366437
36326166626464313132353064326338633932346337643034666332333663316339646262376634
62303338366130346434643362666363363438626632633035373639383731623238343438646265
35656537663864323263383064643463636261616639393730346261373736656266353232613031
32323638623764306139313562616162336635353332626261323339663865393062363230653234
64316138666137386339353664633566633234613763623763376134613133353937666334666662
61306564663737303537623632386161633735643738623963316264616364343963323236656534
38666534333833353136313866383362326661316338363265663636376137306335323336373564
62363834623463356461636361326330306263386539663262366464653936663037306534666566
32653736393730323761666134383439353733643031303038623831366636633435303466323238
39626463313962623565633264653437333432383465346435373262653835373333313365613061
36633139393164656565663564346461313039393161316562633665336464363266613334313736
63646136323238313762356438376135323933323932653834663463373139326538333639313065
35313163343930386435353037336536353261323734303366613939383738313466323564613135
39303734383137363133346562303564343665386364333630623238656639323363326435613731
33656434343531386331303535353537303465386339356239633930353263343334343137353035
32343434333665373334363031303532383534623732386336343836366638333335616335636630
63313831343832386533663330666166653665613436613636613536646561646639366131653466
30326464333432613535306136326533313564653961393738353934353961626661666633663838
33303935643536396462393434626533373430393062636361623964303463333536333565316230
38356231323162663362653264326339336263303833663533643837373333353337373434613236
65343961616636666563366165323930633065306135666538356262623662383335663565386130
65336334616537356632346334333265626430346231393363363439333864333037366330333831
66303734633933616365633237613436616631326566383039376163346264363064326138396133
61353363336230663163383263353364666437646161323562363534366363373637653564353630
63323364653232623335663766643362343639333733303739373532396432616331646431383239
30663732363363343031633661646666373563636330386637336462386562386437613137663162
39636432373633376663363865643861626438373739633532323233633762303261313335653536
33376537346135323665393838666462356434363738363663636565396339333637653736306161
35616534613061656333623761393834643338633531663134633733366430613666376338393365
66616264653661353737643938613536333333623838393232303266323862633631333966303732
39383030653063393033376632353536653031633838356366356630383564326666646236643337
37343731663962666232303839393963353539316433356636623265353333626238356562386431
38613462613832616238363433623237393765363662343333363035353666373130653866386366
62396636313734663866663562663463373063373135336462363266623462373861366364313466
62383065376364356439613039366632393633356138646630393737653636323635303963623639
64373534666239373334393737636237643362363336616633383035386232343265363633663234
39666662303437303234333862323231303961373964626139656564643663623964636432656566
35303630353661373462303235373333303831303266373938316435373439643763616662323961
30666238663131626633383132366132306236366163333039376464623864623237363438666337
36376235656434323633343339393531303330393130656330303733313762396164346461346330
61323630623933643735323361646363346164643662626537303836396539646361353366396162
61393131656163316463653666623062613135356533323035626165353232313566306266383062
37663035333538663565386136666364663733326138316461353336343935383939616462333037
34636233613861666564366237376134333638623433323636646132656131613963363266363636
32316635316165323434613232613934366232666666653766386366333364366636326266613666
33643165656438613837373632346464333766646438633536316236626633373138363939333737
36396337656361643638636164376634653961633738356138363566373037333631373039363633
30323662336236313035353365663162613663373832363134313434333465313535656130613766
36633730636566653039653735353531623561623733636663353734363030303736663933666330
33356233363161356637386561316631363566363831653537653934336539613136363033363537
64316338663037643965613236366639373934663138623739313063323162363839366238663032
37343665346332393065366233626535303338326639643833333261613961356431366666316263
65393136393935346131366465393337653463303236633261306365643831663664336633636465
32376361623439326433386435363363633130383366646636333263333165633765303161356234
31353438313936323134373038363335333634333962363531663763623732646138656539666563
65363961313633663237336533303632643662313538626465613531313134363338656433306564
32303131353938373438316335366664343738343332323131663366373739386632323333343332
35396636626465363139636266653838323036653637646262313631393066653931366130643562
38366464363933633030393533666130666461363164653834663864383330396333316433316238
39376435333236613531303531633332316462366432333230303338346464326132323437313531
31333931623430636366633264393938356536316163323737633739623338393436383566356434
35316164363262303939653137623664326464643266313935636132343531366633643331313637
36663738666366613037336437656638393732646164363137303630633936333337643639373938
66633064326239326331613865646230623633383866393465643264343263353033666136613161
32613332623032663835383335333961356465623631353439326131396432303264303332346330
62393135373130346465396335393163386662353766376661646135396437346536373933653936
61353163343438366139636237396532653866336130363138616564303932333562663831636566
34373435303038316337323562656332663132393737663062663936356539366330366534303530
66376432643038363733356531386465363839363661383637396561323737313836613234613737
35363337316461356563333430653365353832303262303937636532653634386638383937353234
32323563353065393939666238663039353439313437656235613766343839386631386333373739
38343864366534396665363538623162636133393335616565656439636338316166363236616531
36373832323731653333343466643836616339666435343565616665633138316666376163396636
32376561303366663436653566626261643635663538653832393132346439306366366364613161
62356366333964633838336363633533383961343231373538323665303265373438323962386561
38306362333237393139636332316561623337336533386138346363366136326362306236306364
38343165323335343434633066363834363236613938363339326462663764353763656662633666
30333036363666323236323334353165663732353763653539343339303935643034633862353031
63633839303932363935356231363161663732343166646139646633623639303034313630613535
33303630613838363433376265623432373332313035663131643339373637636334613630616264
37333236623866623662613030353366636632366366303031383430643262306561653935356234
30356138626131373662393661313166366637323961313832643334663234303135313665623734
36653635316337633764346330313136356432333236323738376131653430363033666133303537
64393038383265613362343231323563393063333337616136323930386633323239386535383838
65396430366639393665613163383737316661366134326335373533623361653865356435393033
65633030613733393336313634336664353764623039613836626532366664373131656464333565
65393634613438643163633931343362653337613030666438393366353462393664616564303465
30316366323833323363353635623831366661333563363036336437333938616335613739646264
32653362646164616162616235303331363765656263373034616461343439353639313263396366
65346435303462636266306139383338313837376139663638626461643431316135333965356264
62636238393934613265333364656231393035353830323330386362346465393131636132303366
38316238333266633438363062333161613834653463383934353965643830643562356636303962
65643166326234323238373434653663616137353963306264626662343433666131326332636531
64366264656665316535
