$ANSIBLE_VAULT;1.1;AES256
63353166366530623162336434623061393763363231303166333236313636393136626232653933
6439366166636334306366616639633435633138656261310a393663393163623235623534636266
30386538666638326134396433383637613733373062646231333665633337383166333230366664
3433323935666338330a313866313965343135313366313730363334333866646366393132326661
37333362393834623130393265376465353263333161636131633965646263626463656130336165
65623437363165333131633031366162623366366162396362316437343933303530373135386663
61393965323464306231326261653966393465386431663037613436646533363730643266623431
66306431623634356433616138303333393766306666633063336238626231326630653762383035
33376437653139666238346565626230383232383632303562363839313838663437313434303330
39363230616565316635643934366438306162636563313737373339326563316364316433623433
37623734386463633932646536643063633565623037343630353533313339623563363832376330
66363834646337386632366139613236643062323237386534313131323364303835613638623839
37356631623762623632616264613734326636376331643136313231633634633239613562323562
63613333393735383935663563353764666432626435623834653339303732643433626339376232
646430653739366237303432353863643962
